  0.0000000E+00   511.508076438703        6.000000    
   30.00000       467.189146999557        6.000000    
   60.00000       392.878701358108        6.000000    
   90.00000       316.685225651506        6.000000    
   120.0000       256.660531594537        6.000000    
   150.0000       190.975326182148        6.000000    
   180.0000       143.611728702818        6.000000    
   210.0000       142.636441080566        6.000000    
   240.0000       123.077640381885        6.000000    
   270.0000       165.986428845782        6.000000    
   300.0000       363.836548569583        6.000000    
   330.0000       499.557164416637        6.000000    
  0.0000000E+00   511.508076438703        6.000000    
 
  0.0000000E+00   417.710260023081        6.283333    
   30.00000       384.788122092432        6.283333    
   60.00000       327.664723164900        6.283333    
   90.00000       268.048010527828        6.283333    
   120.0000       219.730191933675        6.283333    
   150.0000       165.633723099867        6.283333    
   180.0000       127.183694169026        6.283333    
   210.0000       126.691806502548        6.283333    
   240.0000       114.660055768028        6.283333    
   270.0000       154.825328295409        6.283333    
   300.0000       306.774465814360        6.283333    
   330.0000       408.195572502986        6.283333    
  0.0000000E+00   417.710260023081        6.283333    
 
  0.0000000E+00   332.068607824134        6.566667    
   30.00000       306.297477240187        6.566667    
   60.00000       262.457071627567        6.566667    
   90.00000       217.245657379551        6.566667    
   120.0000       179.709840658314        6.566667    
   150.0000       137.889109925153        6.566667    
   180.0000       110.701784921001        6.566667    
   210.0000       112.552710366398        6.566667    
   240.0000       109.053152368069        6.566667    
   270.0000       149.207864543410        6.566667    
   300.0000       260.451304731638        6.566667    
   330.0000       328.165242126441        6.566667    
  0.0000000E+00   332.068607824134        6.566667    
 
  0.0000000E+00   259.452349356826        6.850000    
   30.00000       238.140023141151        6.850000    
   60.00000       204.102443311581        6.850000    
   90.00000       170.190322693857        6.850000    
   120.0000       141.636772584662        6.850000    
   150.0000       111.256148653378        6.850000    
   180.0000       95.0303200253559        6.850000    
   210.0000       99.8593858053692        6.850000    
   240.0000       103.923632409995        6.850000    
   270.0000       142.891264497856        6.850000    
   300.0000       220.514237461755        6.850000    
   330.0000       260.958422921777        6.850000    
  0.0000000E+00   259.452349356826        6.850000    
 
  0.0000000E+00   200.365638318930        7.133333    
   30.00000       182.212101069667        7.133333    
   60.00000       155.629612902338        7.133333    
   90.00000       130.475522436388        7.133333    
   120.0000       109.275835304486        7.133333    
   150.0000       88.6971284949241        7.133333    
   180.0000       81.2959082123992        7.133333    
   210.0000       88.4975927060864        7.133333    
   240.0000       97.6674994112267        7.133333    
   270.0000       132.463635573204        7.133333    
   300.0000       183.827229048779        7.133333    
   330.0000       205.451930846335        7.133333    
  0.0000000E+00   200.365638318930        7.133333    
 
  0.0000000E+00   153.440385876868        7.416667    
   30.00000       137.986962047467        7.416667    
   60.00000       117.375027230623        7.416667    
   90.00000       98.9446945137101        7.416667    
   120.0000       83.6725669032297        7.416667    
   150.0000       70.8319536646758        7.416667    
   180.0000       69.4515767860127        7.416667    
   210.0000       77.8199544800638        7.416667    
   240.0000       89.2351959962336        7.416667    
   270.0000       117.672227096969        7.416667    
   300.0000       150.062180420496        7.416667    
   330.0000       160.091508726973        7.416667    
  0.0000000E+00   153.440385876868        7.416667    
 
  0.0000000E+00   116.796862010309        7.700000    
   30.00000       103.893248134830        7.700000    
   60.00000       88.0890649519959        7.700000    
   90.00000       74.7660175100991        7.700000    
   120.0000       64.1122335279184        7.700000    
   150.0000       56.8620393665640        7.700000    
   180.0000       58.9174315857704        7.700000    
   210.0000       67.2781752239228        7.700000    
   240.0000       78.6544137535163        7.700000    
   270.0000       100.336880623218        7.700000    
   300.0000       120.135136878778        7.700000    
   330.0000       123.780626257312        7.700000    
  0.0000000E+00   116.796862010309        7.700000    
 
  0.0000000E+00   88.4887131784578        7.983334    
   30.00000       77.9530766632665        7.983334    
   60.00000       65.9952765799719        7.983334    
   90.00000       56.4743114115726        7.983334    
   120.0000       49.2567621165585        7.983334    
   150.0000       45.6903695281942        7.983334    
   180.0000       49.2596706404111        7.983334    
   210.0000       56.8107804863331        7.983334    
   240.0000       66.8813656857937        7.983334    
   270.0000       82.7786092060395        7.983334    
   300.0000       94.6640566066227        7.983334    
   330.0000       95.0292308676321        7.983334    
  0.0000000E+00   88.4887131784578        7.983334    
 
  0.0000000E+00   66.7096132396879        8.266666    
   30.00000       58.2936875612136        8.266666    
   60.00000       49.3613173744332        8.266666    
   90.00000       42.6185109912254        8.266666    
   120.0000       37.8481302221783        8.266666    
   150.0000       36.4827224821220        8.266666    
   180.0000       40.3687683047291        8.266666    
   210.0000       46.7439343527916        8.266666    
   240.0000       55.0419323493935        8.266666    
   270.0000       66.4512694189090        8.266666    
   300.0000       73.6222818391919        8.266666    
   330.0000       72.4352845262936        8.266666    
  0.0000000E+00   66.7096132396879        8.266666    
 
  0.0000000E+00   49.9239017735568        8.550000    
   30.00000       43.3468781289120        8.550000    
   60.00000       36.7554085621331        8.550000    
   90.00000       32.0161502320646        8.550000    
   120.0000       28.9298541207994        8.550000    
   150.0000       28.7610653587028        8.550000    
   180.0000       32.3303545514246        8.550000    
   210.0000       37.4517430833918        8.550000    
   240.0000       44.0580752901869        8.550000    
   270.0000       52.2167811704612        8.550000    
   300.0000       56.5011380743774        8.550000    
   330.0000       54.7065850879609        8.550000    
  0.0000000E+00   49.9239017735568        8.550000    
 
  0.0000000E+00   36.9043155514541        8.833333    
   30.00000       31.8710746890734        8.833333    
   60.00000       27.0964272844475        8.833333    
   90.00000       23.8177106912034        8.833333    
   120.0000       21.8681237048832        8.833333    
   150.0000       22.2561574405066        8.833333    
   180.0000       25.2623335722231        8.833333    
   210.0000       29.2325172092361        8.833333    
   240.0000       34.3277381695437        8.833333    
   270.0000       40.1312139671245        8.833333    
   300.0000       42.6463916895391        8.833333    
   330.0000       40.7470690677066        8.833333    
  0.0000000E+00   36.9043155514541        8.833333    
 
  0.0000000E+00   26.7073055654718        9.116667    
   30.00000       22.9951207018585        9.116667    
   60.00000       19.6415279938414        9.116667    
   90.00000       17.4350417486024        9.116667    
   120.0000       16.2468022748872        9.116667    
   150.0000       16.8238389066641        9.116667    
   180.0000       19.1842477270213        9.116667    
   210.0000       22.1676949412935        9.116667    
   240.0000       25.9720833838017        9.116667    
   270.0000       30.0157321239537        9.116667    
   300.0000       31.4166662250562        9.116667    
   330.0000       29.6649365846400        9.116667    
  0.0000000E+00   26.7073055654718        9.116667    
 
  0.0000000E+00   18.7112883773986        9.400000    
   30.00000       16.1155753731950        9.400000    
   60.00000       13.8746860781247        9.400000    
   90.00000       12.4561862612532        9.400000    
   120.0000       11.7693470809184        9.400000    
   150.0000       12.3362148211685        9.400000    
   180.0000       14.0716774074339        9.400000    
   210.0000       16.2024047621029        9.400000    
   240.0000       18.9017482575565        9.400000    
   270.0000       21.6056135288108        9.400000    
   300.0000       22.3156506946382        9.400000    
   330.0000       20.8724122196589        9.400000    
  0.0000000E+00   18.7112883773986        9.400000    
 
  0.0000000E+00   12.4912930054810        9.683333    
   30.00000       10.8196694477022        9.683333    
   60.00000       9.43243597525135        9.683333    
   90.00000       8.58193284826905        9.683333    
   120.0000       8.21276882472064        9.683333    
   150.0000       8.65738473169861        9.683333    
   180.0000       9.82159191651424        9.683333    
   210.0000       11.2249154210186        9.683333    
   240.0000       12.9931523076705        9.683333    
   270.0000       14.6765479981421        9.683333    
   300.0000       14.9880515034456        9.683333    
   330.0000       13.9354178698360        9.683333    
  0.0000000E+00   12.4912930054810        9.683333    
 
  0.0000000E+00   7.69509120686351        9.966667    
   30.00000       6.76011359104904        9.966667    
   60.00000       6.00707116073396        9.966667    
   90.00000       5.55827462125368        9.966667    
   120.0000       5.38226921307078        9.966667    
   150.0000       5.66124107842545        9.966667    
   180.0000       6.32811587369798        9.966667    
   210.0000       7.12474767892894        9.966667    
   240.0000       8.12559479355242        9.966667    
   270.0000       9.04580015672919        9.966667    
   300.0000       9.16236242002065        9.966667    
   330.0000       8.52498596720785        9.966667    
  0.0000000E+00   7.69509120686351        9.966667    
 
  0.0000000E+00   4.01026644248740        10.25000    
   30.00000       3.64620623753207        10.25000    
   60.00000       3.36055135652145        10.25000    
   90.00000       3.19420914762618        10.25000    
   120.0000       3.13279831507110        10.25000    
   150.0000       3.24535295920602        10.25000    
   180.0000       3.50451925624271        10.25000    
   210.0000       3.81532172500634        10.25000    
   240.0000       4.20921715616497        10.25000    
   270.0000       4.56540952061359        10.25000    
   300.0000       4.59991593533432        10.25000    
   330.0000       4.34032775250151        10.25000    
  0.0000000E+00   4.01026644248740        10.25000    
 
