  0.0000000E+00   484.148474038250        6.000000    
   30.00000       431.060841416240        6.000000    
   60.00000       399.462984309383        6.000000    
   90.00000       398.312568331073        6.000000    
   120.0000       429.269535882978        6.000000    
   150.0000       485.108793371098        6.000000    
   180.0000       549.343843110012        6.000000    
   210.0000       596.536228698323        6.000000    
   240.0000       616.955354486357        6.000000    
   270.0000       612.705496400324        6.000000    
   300.0000       586.824938952307        6.000000    
   330.0000       542.128000128667        6.000000    
  0.0000000E+00   484.148474038250        6.000000    
 
  0.0000000E+00   372.168155288544        6.283333    
   30.00000       336.416853413700        6.283333    
   60.00000       316.106967338099        6.283333    
   90.00000       318.420139490012        6.283333    
   120.0000       344.227879074570        6.283333    
   150.0000       387.490712646186        6.283333    
   180.0000       435.210375945579        6.283333    
   210.0000       467.500751983124        6.283333    
   240.0000       476.308236036777        6.283333    
   270.0000       465.401299935731        6.283333    
   300.0000       442.450080624930        6.283333    
   330.0000       411.076783021712        6.283333    
  0.0000000E+00   372.168155288544        6.283333    
 
  0.0000000E+00   282.678734299419        6.566667    
   30.00000       259.750421838739        6.566667    
   60.00000       248.383057763408        6.566667    
   90.00000       253.799499464275        6.566667    
   120.0000       275.871772377440        6.566667    
   150.0000       309.042274234587        6.566667    
   180.0000       342.624021652202        6.566667    
   210.0000       361.947429017884        6.566667    
   240.0000       362.261026954423        6.566667    
   270.0000       348.991293316648        6.566667    
   300.0000       330.195864484123        6.566667    
   330.0000       308.371830189702        6.566667    
  0.0000000E+00   282.678734299419        6.566667    
 
  0.0000000E+00   213.638533476931        6.850000    
   30.00000       199.834506141790        6.850000    
   60.00000       195.088887664006        6.850000    
   90.00000       202.590691929834        6.850000    
   120.0000       221.422616874931        6.850000    
   150.0000       246.342202000727        6.850000    
   180.0000       268.612737473824        6.850000    
   210.0000       278.078211273537        6.850000    
   240.0000       273.331398024509        6.850000    
   270.0000       260.535320833919        6.850000    
   300.0000       245.897167388071        6.850000    
   330.0000       230.559017919465        6.850000    
  0.0000000E+00   213.638533476931        6.850000    
 
  0.0000000E+00   161.652576050685        7.133333    
   30.00000       154.066849320520        7.133333    
   60.00000       153.677835043174        7.133333    
   90.00000       162.051765843790        7.133333    
   120.0000       177.697845213652        7.133333    
   150.0000       195.828528041477        7.133333    
   180.0000       209.563040787544        7.133333    
   210.0000       212.555461646647        7.133333    
   240.0000       205.681251103812        7.133333    
   270.0000       194.615407975965        7.133333    
   300.0000       183.590117716841        7.133333    
   330.0000       172.680822673649        7.133333    
  0.0000000E+00   161.652576050685        7.133333    
 
  0.0000000E+00   122.785118492494        7.416667    
   30.00000       119.214473988718        7.416667    
   60.00000       121.284640453245        7.416667    
   90.00000       129.472899721138        7.416667    
   120.0000       142.025378584338        7.416667    
   150.0000       154.775267755060        7.416667    
   180.0000       162.588510500905        7.416667    
   210.0000       161.916186323062        7.416667    
   240.0000       154.851126563283        7.416667    
   270.0000       145.937341469998        7.416667    
   300.0000       137.674547981023        7.416667    
   330.0000       129.830452966356        7.416667    
  0.0000000E+00   122.785118492494        7.416667    
 
  0.0000000E+00   93.5640156759902        7.700000    
   30.00000       92.3927420564360        7.700000    
   60.00000       95.5581553728427        7.700000    
   90.00000       102.898317450061        7.700000    
   120.0000       112.655389324855        7.700000    
   150.0000       121.361723643131        7.700000    
   180.0000       125.395562511408        7.700000    
   210.0000       123.092765237368        7.700000    
   240.0000       116.795610435268        7.700000    
   270.0000       109.857934826601        7.700000    
   300.0000       103.628409431862        7.700000    
   330.0000       97.9520438570492        7.700000    
  0.0000000E+00   93.5640156759902        7.700000    
 
  0.0000000E+00   71.3530587184722        7.983334    
   30.00000       71.4821886432535        7.983334    
   60.00000       74.8654663921170        7.983334    
   90.00000       81.0755741499745        7.983334    
   120.0000       88.4809604631417        7.983334    
   150.0000       94.3227141656076        7.983334    
   180.0000       96.1601811277876        7.983334    
   210.0000       93.4098954732155        7.983334    
   240.0000       88.2046841803062        7.983334    
   270.0000       82.8714288090399        7.983334    
   300.0000       78.1332736792231        7.983334    
   330.0000       74.0196730989864        7.983334    
  0.0000000E+00   71.3530587184722        7.983334    
 
  0.0000000E+00   54.2903532394448        8.266666    
   30.00000       54.9992870415092        8.266666    
   60.00000       58.1390741859926        8.266666    
   90.00000       63.1668412629718        8.266666    
   120.0000       68.6901498042017        8.266666    
   150.0000       72.5856469277979        8.266666    
   180.0000       73.2462009316861        8.266666    
   210.0000       70.6466598819066        8.266666    
   240.0000       66.5241388522003        8.266666    
   270.0000       62.4568190507116        8.266666    
   300.0000       58.8512011951232        8.266666    
   330.0000       55.8718918855890        8.266666    
  0.0000000E+00   54.2903532394448        8.266666    
 
  0.0000000E+00   41.0558201724753        8.550000    
   30.00000       41.9403215284933        8.550000    
   60.00000       44.6053735090215        8.550000    
   90.00000       48.5480163784934        8.550000    
   120.0000       52.6083846789494        8.550000    
   150.0000       55.1942652223179        8.550000    
   180.0000       55.2834515438811        8.550000    
   210.0000       53.0787353434276        8.550000    
   240.0000       49.9108493744508        8.550000    
   270.0000       46.8410332235791        8.550000    
   300.0000       44.1226614117969        8.550000    
   330.0000       41.9761534894411        8.550000    
  0.0000000E+00   41.0558201724753        8.550000    
 
  0.0000000E+00   30.7047607587360        8.833333    
   30.00000       31.5491224605134        8.833333    
   60.00000       33.6788621091123        8.833333    
   90.00000       36.6647937436126        8.833333    
   120.0000       39.6011260054037        8.833333    
   150.0000       41.3124821850232        8.833333    
   180.0000       41.1609128870667        8.833333    
   210.0000       39.4132124640338        8.833333    
   240.0000       37.0485786543292        8.833333    
   270.0000       34.7751458657346        8.833333    
   300.0000       32.7625772521348        8.833333    
   330.0000       31.2352257575879        8.833333    
  0.0000000E+00   30.7047607587360        8.833333    
 
  0.0000000E+00   22.5567380404066        9.116667    
   30.00000       23.2576361932433        9.116667    
   60.00000       24.8653912419723        9.116667    
   90.00000       27.0430418895582        9.116667    
   120.0000       29.1103420996889        9.116667    
   150.0000       30.2319854943014        9.116667    
   180.0000       30.0112976642859        9.116667    
   210.0000       28.7007991673666        9.116667    
   240.0000       26.9966344509939        9.116667    
   270.0000       25.3639426473127        9.116667    
   300.0000       23.9188914463949        9.116667    
   330.0000       22.8568105425417        9.116667    
  0.0000000E+00   22.5567380404066        9.116667    
 
  0.0000000E+00   16.1029583219849        9.400000    
   30.00000       16.6274131527956        9.400000    
   60.00000       17.7635848282411        9.400000    
   90.00000       19.2727284416575        9.400000    
   120.0000       20.6689090032576        9.400000    
   150.0000       21.3832660313470        9.400000    
   180.0000       21.1772382492172        9.400000    
   210.0000       20.2534558841204        9.400000    
   240.0000       19.0850126820817        9.400000    
   270.0000       17.9690714673536        9.400000    
   300.0000       16.9805195321244        9.400000    
   330.0000       16.2699917414538        9.400000    
  0.0000000E+00   16.1029583219849        9.400000    
 
  0.0000000E+00   10.9759598547593        9.683333    
   30.00000       11.3253917634112        9.683333    
   60.00000       12.0589888572921        9.683333    
   90.00000       13.0215917035355        9.683333    
   120.0000       13.8986997890806        9.683333    
   150.0000       14.3275478664874        9.683333    
   180.0000       14.1726194397437        9.683333    
   210.0000       13.5770569090552        9.683333    
   240.0000       12.8387849231363        9.683333    
   270.0000       12.1359774333270        9.683333    
   300.0000       11.5113580840951        9.683333    
   330.0000       11.0670993465281        9.683333    
  0.0000000E+00   10.9759598547593        9.683333    
 
  0.0000000E+00   6.91554701409873        9.966667    
   30.00000       7.10960201465713        9.966667    
   60.00000       7.51339715035888        9.966667    
   90.00000       8.04160328607070        9.966667    
   120.0000       8.51884066843948        9.966667    
   150.0000       8.74453015089576        9.966667    
   180.0000       8.65180589162978        9.966667    
   210.0000       8.32443057883193        9.966667    
   240.0000       7.92507884798875        9.966667    
   270.0000       7.54597326054766        9.966667    
   300.0000       7.20594263008349        9.966667    
   330.0000       6.96325474035034        9.966667    
  0.0000000E+00   6.91554701409873        9.966667    
 
  0.0000000E+00   3.75023751203204        10.25000    
   30.00000       3.81989792680447        10.25000    
   60.00000       3.96907461180356        10.25000    
   90.00000       4.16650823354555        10.25000    
   120.0000       4.34524629950950        10.25000    
   150.0000       4.42931219086864        10.25000    
   180.0000       4.39496375899591        10.25000    
   210.0000       4.27488401518190        10.25000    
   240.0000       4.12955735730885        10.25000    
   270.0000       3.99138420668577        10.25000    
   300.0000       3.86466111661548        10.25000    
   330.0000       3.77134103178789        10.25000    
  0.0000000E+00   3.75023751203204        10.25000    
 
