  0.0000000E+00   255.440848878113        6.000000    
   30.00000       208.581026168014        6.000000    
   60.00000       151.175275761466        6.000000    
   90.00000       106.031103575901        6.000000    
   120.0000       77.4700087289030        6.000000    
   150.0000       62.7559387440917        6.000000    
   180.0000       55.6445022121850        6.000000    
   210.0000       59.6705753837692        6.000000    
   240.0000       68.9273298321983        6.000000    
   270.0000       85.1075618356875        6.000000    
   300.0000       163.250272071706        6.000000    
   330.0000       246.389923911700        6.000000    
  0.0000000E+00   255.440848878113        6.000000    
 
  0.0000000E+00   206.476924703711        6.283333    
   30.00000       170.704162344448        6.283333    
   60.00000       125.424594432551        6.283333    
   90.00000       89.4795413373913        6.283333    
   120.0000       66.6698472725434        6.283333    
   150.0000       54.9638806134077        6.283333    
   180.0000       49.5301633232784        6.283333    
   210.0000       53.2673945310514        6.283333    
   240.0000       61.7630318143421        6.283333    
   270.0000       75.9610307773951        6.283333    
   300.0000       134.655193519476        6.283333    
   330.0000       197.828090449208        6.283333    
  0.0000000E+00   206.476924703711        6.283333    
 
  0.0000000E+00   162.760444481015        6.566667    
   30.00000       134.893615297127        6.566667    
   60.00000       100.280492087184        6.566667    
   90.00000       73.1494549130894        6.566667    
   120.0000       56.2489869363417        6.566667    
   150.0000       47.8852749794713        6.566667    
   180.0000       44.5905248538898        6.566667    
   210.0000       48.6446359367761        6.566667    
   240.0000       56.8077042697409        6.566667    
   270.0000       70.2663952698099        6.566667    
   300.0000       113.566560725674        6.566667    
   330.0000       157.956531697274        6.566667    
  0.0000000E+00   162.760444481015        6.566667    
 
  0.0000000E+00   125.504423807485        6.850000    
   30.00000       103.380091263168        6.850000    
   60.00000       77.7497930953059        6.850000    
   90.00000       58.3540032813990        6.850000    
   120.0000       46.7566816011130        6.850000    
   150.0000       41.4917604425953        6.850000    
   180.0000       40.2734526255906        6.850000    
   210.0000       44.7907992679595        6.850000    
   240.0000       52.6372360731481        6.850000    
   270.0000       65.3420295875929        6.850000    
   300.0000       96.7853678113527        6.850000    
   330.0000       125.473197795250        6.850000    
  0.0000000E+00   125.504423807485        6.850000    
 
  0.0000000E+00   95.2825019714457        7.133333    
   30.00000       77.8077546974290        7.133333    
   60.00000       59.4054903784957        7.133333    
   90.00000       46.1958854011515        7.133333    
   120.0000       38.8058878839199        7.133333    
   150.0000       35.9987595674404        7.133333    
   180.0000       36.3859046828402        7.133333    
   210.0000       41.1285694952904        7.133333    
   240.0000       48.3983503806439        7.133333    
   270.0000       59.7180667441102        7.133333    
   300.0000       81.8850365607402        7.133333    
   330.0000       98.8135571351803        7.133333    
  0.0000000E+00   95.2825019714457        7.133333    
 
  0.0000000E+00   71.8076429235340        7.416667    
   30.00000       58.3292516124169        7.416667    
   60.00000       45.4776644742355        7.416667    
   90.00000       36.8372100313371        7.416667    
   120.0000       32.4575466884326        7.416667    
   150.0000       31.3470633701387        7.416667    
   180.0000       32.7275936089054        7.416667    
   210.0000       37.3044655400384        7.416667    
   240.0000       43.6755663173995        7.416667    
   270.0000       53.0602266104021        7.416667    
   300.0000       68.0949496918628        7.416667    
   330.0000       77.0843295117420        7.416667    
  0.0000000E+00   71.8076429235340        7.416667    
 
  0.0000000E+00   54.1859580081005        7.700000    
   30.00000       44.0767507276633        7.700000    
   60.00000       35.2986091863128        7.700000    
   90.00000       29.8242450346726        7.700000    
   120.0000       27.4179985676887        7.700000    
   150.0000       27.3311968918055        7.700000    
   180.0000       29.1491922531512        7.700000    
   210.0000       33.2302669699149        7.700000    
   240.0000       38.5042077693177        7.700000    
   270.0000       45.8178572063646        7.700000    
   300.0000       55.6371340995174        7.700000    
   330.0000       59.7661728614797        7.700000    
  0.0000000E+00   54.1859580081005        7.700000    
 
  0.0000000E+00   41.2373335237592        7.983334    
   30.00000       33.8346497387897        7.983334    
   60.00000       27.9333341730240        7.983334    
   90.00000       24.5453865150086        7.983334    
   120.0000       23.3390466925785        7.983334    
   150.0000       23.7733484266500        7.983334    
   180.0000       25.6326497777377        7.983334    
   210.0000       29.0523905701868        7.983334    
   240.0000       33.2041515092254        7.983334    
   270.0000       38.6361293430737        7.983334    
   300.0000       44.8768730269687        7.983334    
   330.0000       46.3045015383451        7.983334    
  0.0000000E+00   41.2373335237592        7.983334    
 
  0.0000000E+00   31.7970024344553        8.266666    
   30.00000       26.4738180871263        8.266666    
   60.00000       22.5464573618578        8.266666    
   90.00000       20.4840986751311        8.266666    
   120.0000       19.9570479515344        8.266666    
   150.0000       20.5897349969336        8.266666    
   180.0000       22.2632654973235        8.266666    
   210.0000       24.9862858415612        8.266666    
   240.0000       28.1514966640219        8.266666    
   270.0000       32.0662420015869        8.266666    
   300.0000       35.9530731102064        8.266666    
   330.0000       36.0253243893278        8.266666    
  0.0000000E+00   31.7970024344553        8.266666    
 
  0.0000000E+00   24.8921370527967        8.550000    
   30.00000       21.1205155593976        8.550000    
   60.00000       18.5222128929589        8.550000    
   90.00000       17.2794877542664        8.550000    
   120.0000       17.1110295029668        8.550000    
   150.0000       17.7561028714944        8.550000    
   180.0000       19.1519342072257        8.550000    
   210.0000       21.2440393353753        8.550000    
   240.0000       23.5909343005179        8.550000    
   270.0000       26.3598540563509        8.550000    
   300.0000       28.7530016142004        8.550000    
   330.0000       28.2390335222727        8.550000    
  0.0000000E+00   24.8921370527967        8.550000    
 
  0.0000000E+00   19.7891310120070        8.833333    
   30.00000       17.1518049607016        8.833333    
   60.00000       15.4401711525511        8.833333    
   90.00000       14.6965962075803        8.833333    
   120.0000       14.6985210150671        8.833333    
   150.0000       15.2682862080042        8.833333    
   180.0000       16.3680286865915        8.833333    
   210.0000       17.9267648687235        8.833333    
   240.0000       19.6321957109889        8.833333    
   270.0000       21.5643861591020        8.833333    
   300.0000       23.0261517254048        8.833333    
   330.0000       22.3348313809986        8.833333    
  0.0000000E+00   19.7891310120070        8.833333    
 
  0.0000000E+00   15.9596686010631        9.116667    
   30.00000       14.1451735601463        9.116667    
   60.00000       13.0268383365727        9.116667    
   90.00000       12.5865260152614        9.116667    
   120.0000       12.6553476417455        9.116667    
   150.0000       13.1141714190833        9.116667    
   180.0000       13.9400596053980        9.116667    
   210.0000       15.0672309424418        9.116667    
   240.0000       16.2777901516800        9.116667    
   270.0000       17.6046997567350        9.116667    
   300.0000       18.4888190277565        9.116667    
   330.0000       17.8252418815201        9.116667    
  0.0000000E+00   15.9596686010631        9.116667    
 
  0.0000000E+00   13.0319908431244        9.400000    
   30.00000       11.8181693697452        9.400000    
   60.00000       11.0998590955191        9.400000    
   90.00000       10.8418144598680        9.400000    
   120.0000       10.9247104671592        9.400000    
   150.0000       11.2678559871077        9.400000    
   180.0000       11.8565358638170        9.400000    
   210.0000       12.6397580009679        9.400000    
   240.0000       13.4704794173765        9.400000    
   270.0000       14.3565178964518        9.400000    
   300.0000       14.8837875705776        9.400000    
   330.0000       14.3397662343938        9.400000    
  0.0000000E+00   13.0319908431244        9.400000    
 
  0.0000000E+00   10.7458055004697        9.683333    
   30.00000       9.97559503052712        9.683333    
   60.00000       9.53331335036509        9.683333    
   90.00000       9.38758316356438        9.683333    
   120.0000       9.45760521235964        9.683333    
   150.0000       9.69194944221293        9.683333    
   180.0000       10.0821939066074        9.683333    
   210.0000       10.5924613759683        9.683333    
   240.0000       11.1295648751162        9.683333    
   270.0000       11.6905716845239        9.683333    
   300.0000       11.9934904648337        9.683333    
   330.0000       11.6017808003328        9.683333    
  0.0000000E+00   10.7458055004697        9.683333    
 
  0.0000000E+00   8.91496111070647        9.966667    
   30.00000       8.48010522886119        9.966667    
   60.00000       8.23419367643623        9.966667    
   90.00000       8.15756751104754        9.966667    
   120.0000       8.20431417474139        9.966667    
   150.0000       8.34326401477278        9.966667    
   180.0000       8.56966024846223        9.966667    
   210.0000       8.86261690165507        9.966667    
   240.0000       9.16998828785730        9.966667    
   270.0000       9.48600652538580        9.966667    
   300.0000       9.64483849418528        9.966667    
   330.0000       9.40736887487434        9.966667    
  0.0000000E+00   8.91496111070647        9.966667    
 
  0.0000000E+00   7.40394223220834        10.25000    
   30.00000       7.22790618779614        10.25000    
   60.00000       7.12668545399712        10.25000    
   90.00000       7.09412005165435        10.25000    
   120.0000       7.11288979370460        10.25000    
   150.0000       7.16968952526438        10.25000    
   180.0000       7.26244297831145        10.25000    
   210.0000       7.38267025046767        10.25000    
   240.0000       7.50858607730715        10.25000    
   270.0000       7.63592247032265        10.25000    
   300.0000       7.69779235033340        10.25000    
   330.0000       7.60155934629875        10.25000    
  0.0000000E+00   7.40394223220834        10.25000    
 
