8.616291604415257099e-01
9.188131315193446280e-01
9.593697897789484896e-01
9.910053599877791664e-01
1.016932739363157312e+00
1.038846688540479679e+00
1.057764918870610638e+00
1.074352002065077416e+00
1.089068349194331375e+00
1.102247335331218991e+00
1.114138784370508839e+00
1.124935130781973713e+00
1.134787985765644658e+00
1.143819071590005398e+00
1.152127690972687635e+00
1.159795979402476362e+00
1.166892691029087326e+00
1.173475986618006672e+00
1.179595525418146273e+00
1.185294060870286659e+00
1.190608675833000341e+00
1.195571751402155991e+00
1.200211735819183279e+00
1.204553761285770408e+00
1.208620143611103037e+00
1.212430790564992256e+00
1.216003538352750990e+00
1.219354430955005064e+00
1.222497953649765545e+00
1.225447229491821943e+00
1.228214185616744558e+00
1.230809694790288678e+00
1.233243696516629129e+00
1.235525301163499234e+00
1.237662879896049617e+00
1.239664142688201576e+00
1.241536206266629971e+00
1.243285653513114930e+00
1.244918585586997750e+00
1.246440667816551384e+00
1.247857170235373125e+00
1.249173003499040258e+00
1.250392750801779140e+00
1.251520696317736547e+00
1.252560850612662646e+00
1.253516973406307189e+00
1.254392594011132012e+00
1.255191029727057206e+00
1.255915402433360528e+00
1.256568653586204620e+00
1.257153557802621613e+00
1.257672735188231972e+00
1.258128662545884513e+00
1.258523683585209163e+00
1.258860018238277201e+00
1.259139771173855005e+00
1.259364939591729016e+00
1.259537420369056138e+00
1.259659016622433958e+00
1.259731443742173163e+00
1.259756334948983980e+00
1.259735246417784449e+00
1.259669662008529034e+00
1.259560997639716851e+00
1.259410605336521494e+00
1.259219776982188455e+00
1.258989747798450631e+00
1.258721699578134956e+00
1.258416763690843654e+00
1.258076023880582817e+00
1.257700518872385542e+00
1.257291244803377506e+00
1.256849157492288427e+00
1.256375174560127927e+00
1.255870177413588529e+00
1.255335013101704256e+00
1.254770496055358286e+00
1.254177409718405301e+00
1.253556508078402354e+00
1.252908517104279085e+00
1.252234136097647221e+00
1.251534038963903361e+00
1.250808875408760512e+00
1.250059272065402904e+00
1.249285833557025605e+00
1.248489143499155629e+00
1.247669765445795775e+00
1.246828243783129064e+00
1.245965104574227045e+00
1.245080856357946963e+00
1.244175990904965223e+00
1.243250983933673171e+00
1.242306295788463411e+00
1.241342372082747447e+00
1.240359644308883347e+00
1.239358530417028481e+00
1.238339435364797625e+00
1.237302751639473009e+00
1.236248859754391693e+00
1.235178128721022173e+00
1.234090916498147950e+00
1.232987570419468382e+00
1.231868427600852689e+00
1.230733815328391101e+00
1.229584051428320723e+00
1.228419444619827106e+00
1.227240294851664304e+00
1.226046893623472300e+00
1.224839524292619108e+00
1.223618462367336956e+00
1.222383975786884625e+00
1.221136325189410954e+00
1.219875764168164789e+00
1.218602539516650651e+00
1.217316891463295914e+00
1.216019053896161273e+00
1.214709254578198561e+00
1.213387715353523522e+00
1.212054652345150751e+00
1.210710276144610908e+00
1.209354791993843437e+00
1.207988399959737613e+00
1.206611295101677861e+00
1.205223667632423723e+00
1.203825703072636255e+00
1.202417582399355256e+00
1.200999482188701117e+00
1.199571574753072412e+00
1.198134028273089235e+00
1.196687006924522123e+00
1.195230671000429234e+00
1.193765177028722313e+00
1.192290677885358807e+00
1.190807322903354670e+00
1.189315257977804130e+00
1.187814625667074075e+00
1.186305565290343589e+00
1.184788213021642500e+00
1.183262701980538623e+00
1.181729162319614668e+00
1.180187721308870064e+00
1.178638503417178018e+00
1.177081630390914402e+00
1.175517221329881234e+00
1.173945392760629591e+00
1.172366258707291387e+00
1.170779930760019294e+00
1.169186518141128728e+00
1.167586127769036253e+00
1.165978864320079689e+00
1.164364830288303843e+00
1.162744126043290471e+00
1.161116849886109303e+00
1.159483098103462506e+00
1.157842965020088544e+00
1.156196543049499148e+00
1.154543922743103579e+00
1.152885192837785677e+00
1.151220440301993220e+00
1.149549750380389090e+00
1.147873206637122001e+00
1.146190890997766942e+00
1.144502883789980219e+00
1.142809263782921469e+00
1.141110108225481756e+00
1.139405492883363236e+00
1.137695492075051273e+00
1.135980178706717414e+00
1.134259624306090952e+00
1.132533899055336191e+00
1.130803071822967576e+00
1.129067210194840465e+00
1.127326380504243275e+00
1.125580647861127881e+00
1.123830076180502457e+00
1.122074728210019856e+00
1.120314665556783496e+00
1.118549948713402076e+00
1.116780637083313987e+00
1.115006789005408061e+00
1.113228461777962863e+00
1.111445711681927406e+00
1.109658594003564813e+00
1.107867163056477144e+00
1.106071472203036254e+00
1.104271573875235557e+00
1.102467519594980905e+00
1.100659359993844566e+00
1.098847144832288958e+00
1.097030923018387227e+00
1.095210742626049116e+00
1.093386650912772096e+00
1.091558694336927982e+00
1.089726918574604575e+00
1.087891368536010983e+00
1.086052088381464165e+00
1.084209121536966691e+00
1.082362510709387493e+00
1.080512297901262020e+00
1.078658524425216703e+00
1.076801230918034147e+00
1.074940457354367940e+00
1.073076243060115953e+00
1.071208626725465241e+00
1.069337646417615417e+00
1.067463339593189398e+00
1.065585743110345485e+00
1.063704893240592586e+00
1.061820825680322322e+00
1.059933575562062691e+00
1.058043177465465057e+00
1.056149665428026463e+00
1.054253072955559922e+00
1.052353433032418017e+00
1.050450778131474916e+00
1.048545140223875904e+00
1.046636550788559994e+00
1.044725040821560924e+00
1.042810640845094783e+00
1.040893380916437794e+00
1.038973290636601376e+00
1.037050399158809810e+00
1.035124735196784496e+00
1.033196327032842143e+00
1.031265202525811775e+00
1.029331389118770312e+00
1.027394913846610747e+00
1.025455803343438888e+00
1.023514083849807133e+00
1.021569781219789252e+00
1.019622920927900189e+00
1.017673528075862865e+00
1.015721627399231108e+00
1.013767243273864915e+00
1.011810399722268938e+00
1.009851120419793746e+00
1.007889428700703860e+00
1.005925347564116112e+00
1.003958899679814110e+00
1.001990107393935903e+00
1.000018992734544865e+00
9.980455774170822192e-01
9.960698828497054347e-01
9.940919301385167106e-01
9.921117400926797725e-01
9.901293332294355265e-01
9.881447297790102446e-01
9.861579496894246066e-01
9.841690126312054865e-01
9.821779380019994843e-01
9.801847449310951976e-01
9.781894522838521233e-01
9.761920786660416294e-01
9.741926424281002195e-01
9.721911616692981983e-01
9.701876542418244043e-01
9.681821377547916718e-01
9.661746295781604710e-01
9.641651468465881614e-01
9.621537064631997538e-01
9.601403251032879504e-01
9.581250192179384673e-01
9.561078050375859672e-01
9.540886985755019367e-01
9.520677156312137290e-01
9.500448717938594356e-01
9.480201824454776993e-01
9.459936627642341334e-01
9.439653277275883436e-01
9.419351921153988894e-01
9.399032705129704013e-01
9.378695773140446335e-01
9.358341267237320071e-01
9.337969327613928616e-01
9.317580092634610844e-01
9.297173698862177815e-01
9.276750281085125449e-01
9.256309972344347603e-01
9.235852903959358429e-01
9.215379205554037334e-01
9.194889005081900990e-01
9.174382428850911264e-01
9.153859601547840175e-01
9.133320646262192977e-01
9.112765684509702702e-01
9.092194836255388379e-01
9.071608219936222461e-01
9.051005952483377470e-01
9.030388149344080739e-01
9.009754924503087237e-01
8.989106390503767141e-01
8.968442658468822604e-01
8.947763838120641466e-01
8.927070037801294600e-01
8.906361364492187960e-01
8.885637923833368257e-01
8.864899820142488895e-01
8.844147156433466161e-01
8.823380034434789021e-01
8.802598554607532488e-01
8.781802816163062353e-01
8.760992917080425713e-01
8.740168954123451739e-01
8.719331022857566005e-01
8.698479217666322816e-01
8.677613631767634450e-01
8.656734357229766141e-01
8.635841484987027972e-01
8.614935104855228065e-01
8.594015305546853778e-01
8.573082174686008639e-01
8.552135798823096158e-01
8.531176263449267161e-01
8.510203653010625091e-01
8.489218050922195946e-01
8.468219539581675059e-01
8.447208200382946286e-01
8.426184113729382474e-01
8.405147359046921673e-01
8.384098014796952381e-01
8.363036158488963423e-01
8.341961866693012873e-01
8.320875215051983798e-01
8.299776278293649057e-01
8.278665130242546244e-01
8.257541843831650574e-01
8.236406491113881234e-01
8.215259143273414555e-01
8.194099870636812888e-01
8.172928742683995829e-01
8.151745828059023813e-01
8.130551194580717400e-01
8.109344909253114464e-01
8.088127038275759739e-01
8.066897647053836717e-01
8.045656800208145221e-01
8.024404561584917994e-01
8.003140994265494079e-01
7.981866160575836755e-01
7.960580122095912703e-01
7.939282939668921291e-01
7.917974673410385078e-01
7.896655382717105987e-01
7.875325126275981580e-01
7.853983962072689229e-01
7.832631947400240380e-01
7.811269138867403816e-01
7.789895592407004576e-01
7.768511363284099636e-01
7.747116506104028133e-01
7.725711074820346136e-01
7.704295122742639279e-01
7.682868702544222161e-01
7.661431866269727831e-01
7.639984665342574033e-01
7.618527150572333984e-01
7.597059372161987234e-01
7.575581379715073949e-01
7.554093222242737049e-01
7.532594948170666660e-01
7.511086605345943523e-01
7.489568241043781383e-01
7.468039901974172778e-01
7.446501634288439364e-01
7.424953483585691183e-01
7.403395494919184916e-01
7.381827712802602193e-01
7.360250181216227983e-01
7.338662943613052381e-01
7.317066042924771363e-01
7.295459521567719818e-01
7.273843421448700219e-01
7.252217783970755782e-01
7.230582650038831494e-01
7.208938060065384068e-01
7.187284053975895315e-01
7.165620671214314452e-01
7.143947950748423814e-01
7.122265931075135725e-01
7.100574650225704998e-01
7.078874145770881476e-01
7.057164454825977096e-01
7.035445614055881869e-01
7.013717659679992167e-01
6.991980627477083488e-01
6.970234552790119942e-01
6.948479470530977142e-01
6.926715415185127345e-01
6.904942420816249093e-01
6.883160521070763593e-01
6.861369749182331113e-01
6.839570137976276332e-01
6.817761719873947079e-01
6.795944526897027549e-01
6.774118590671788231e-01
6.752283942433272568e-01
6.730440613029446961e-01
6.708588632925267525e-01
6.686728032206721295e-01
6.664858840584793054e-01
6.642981087399391082e-01
6.621094801623217396e-01
6.599200011865591353e-01
6.577296746376211090e-01
6.555385033048883869e-01
6.533464899425187600e-01
6.511536372698107922e-01
6.489599479715602026e-01
6.467654246984139155e-01
6.445700700672185590e-01
6.423738866613634135e-01
6.401768770311212498e-01
6.379790436939831721e-01
6.357803891349889103e-01
6.335809158070546676e-01
6.313806261312947532e-01
6.291795224973401046e-01
6.269776072636530362e-01
6.247748827578374353e-01
6.225713512769455171e-01
6.203670150877793610e-01
6.181618764271912259e-01
6.159559375023775374e-01
6.137492004911706545e-01
6.115416675423261950e-01
6.093333407758076969e-01
6.071242222830663948e-01
6.049143141273195523e-01
6.027036183438223560e-01
6.004921369401401421e-01
5.982798718964132956e-01
5.960668251656229266e-01
5.938529986738494415e-01
5.916383943205310025e-01
5.894230139787169920e-01
5.872068594953190335e-01
5.849899326913593489e-01
5.827722353622147855e-01
5.805537692778596215e-01
5.783345361831039311e-01
5.761145377978299509e-01
5.738937758172255599e-01
5.716722519120143176e-01
5.694499677286832817e-01
5.672269248897081617e-01
5.650031249937758071e-01
5.627785696160030326e-01
5.605532603081544440e-01
5.583271985988568220e-01
5.561003859938107308e-01
5.538728239760001282e-01
5.516445140058992003e-01
5.494154575216774195e-01
5.471856559394008279e-01
5.449551106532324329e-01
5.427238230356297155e-01
5.404917944375394745e-01
5.382590261885907834e-01
5.360255195972856157e-01
5.337912759511875826e-01
5.315562965171080068e-01
5.293205825412901078e-01
5.270841352495910792e-01
5.248469558476618335e-01
5.226090455211256369e-01
5.203704054357526365e-01
5.181310367376353865e-01
5.158909405533593784e-01
5.136501179901742375e-01
5.114085701361605896e-01
5.091662980603972599e-01
5.069233028131249208e-01
5.046795854259091829e-01
5.024351469118006897e-01
5.001899882654942120e-01
4.979441104634861892e-01
4.956975144642296049e-01
4.934502012082878641e-01
4.912021716184871156e-01
4.889534266000657992e-01
4.867039670408242480e-01
4.844537938112714048e-01
4.822029077647700945e-01
4.799513097376812976e-01
4.776990005495062031e-01
4.754459810030274847e-01
4.731922518844481340e-01
4.709378139635295724e-01
4.686826679937279305e-01
4.664268147123288299e-01
4.641702548405814976e-01
4.619129890838299946e-01
4.596550181316444994e-01
4.573963426579503722e-01
4.551369633211563293e-01
4.528768807642808425e-01
4.506160956150778163e-01
4.483546084861603220e-01
4.460924199751234442e-01
4.438295306646659055e-01
4.415659411227102482e-01
4.393016519025218503e-01
4.370366635428268864e-01
4.347709765679289018e-01
4.325045914878241637e-01
4.302375087983163482e-01
4.279697289811292826e-01
4.257012525040192452e-01
4.234320798208862091e-01
4.211622113718830329e-01
4.188916475835246511e-01
4.166203888687960433e-01
4.143484356272584268e-01
4.120757882451552834e-01
4.098024470955167198e-01
4.075284125382633293e-01
4.052536849203087765e-01
4.029782645756614934e-01
4.007021518255253767e-01
3.984253469783995971e-01
3.961478503301774090e-01
3.938696621642443496e-01
3.915907827515747175e-01
3.893112123508284950e-01
3.870309512084458281e-01
3.847499995587422283e-01
3.824683576240015537e-01
3.801860256145689343e-01
3.779030037289428656e-01
3.756192921538660801e-01
3.733348910644159746e-01
3.710498006240940949e-01
3.687640209849148976e-01
3.664775522874937908e-01
3.641903946611343978e-01
3.619025482239150437e-01
3.596140130827744086e-01
3.573247893335968484e-01
3.550348770612967164e-01
3.527442763399019077e-01
3.504529872326369588e-01
3.481610097920055935e-01
3.458683440598720460e-01
3.435749900675424962e-01
3.412809478358451720e-01
3.389862173752104524e-01
3.366907986857498591e-01
3.343946917573346056e-01
3.320978965696738117e-01
3.298004130923919974e-01
3.275022412851056330e-01
3.252033810974996331e-01
3.229038324694031292e-01
3.206035953308647435e-01
3.183026696022273061e-01
3.160010551942017964e-01
3.136987520079415614e-01
3.113957599351149796e-01
3.090920788579785139e-01
3.067877086494488204e-01
3.044826491731746354e-01
3.021769002836081075e-01
2.998704618260754629e-01
2.975633336368478932e-01
2.952555155432113332e-01
2.929470073635358496e-01
2.906378089073454740e-01
2.883279199753865929e-01
2.860173403596964481e-01
2.837060698436714157e-01
2.813941082021344520e-01
2.790814552014027061e-01
2.767681105993544111e-01
2.744540741454957189e-01
2.721393455810267592e-01
2.698239246389078638e-01
2.675078110439255696e-01
2.651910045127576221e-01
2.628735047540383674e-01
2.605553114684237004e-01
2.582364243486555133e-01
2.559168430796261440e-01
2.535965673384425467e-01
2.512755967944901303e-01
2.489539311094963459e-01
2.466315699375941639e-01
2.443085129253853571e-01
2.419847597120034499e-01
2.396603099291764738e-01
2.373351632012899448e-01
2.350093191454489527e-01
2.326827773715406944e-01
2.303555374822965074e-01
2.280275990733541258e-01
2.256989617333194642e-01
2.233696250438281794e-01
2.210395885796076765e-01
2.187088519085384486e-01
2.163774145917157221e-01
2.140452761835104911e-01
2.117124362316311348e-01
2.093788942771847295e-01
2.070446498547380276e-01
2.047097024923786035e-01
2.023740517117760263e-01
2.000376970282431444e-01
1.977006379507968148e-01
1.953628739822191596e-01
1.930244046191188223e-01
1.906852293519916974e-01
1.883453476652822978e-01
1.860047590374449555e-01
1.836634629410048569e-01
1.813214588426195761e-01
1.789787462031401655e-01
1.766353244776727727e-01
1.742911931156400640e-01
1.719463515608428417e-01
1.696007992515218277e-01
1.672545356204196421e-01
1.649075600948424758e-01
1.625598720967226518e-01
1.602114710426806032e-01
1.578623563440874622e-01
1.555125274071278985e-01
1.531619836328625417e-01
1.508107244172915973e-01
1.484587491514176016e-01
1.461060572213092046e-01
1.437526480081649516e-01
1.413985208883772327e-01
1.390436752335962867e-01
1.366881104107952882e-01
1.343318257823346851e-01
1.319748207060275624e-01
1.296170945352050907e-01
1.272586466187822785e-01
1.248994763013241416e-01
1.225395829231120115e-01
1.201789658202108424e-01
1.178176243245358801e-01
1.154555577639207742e-01
1.130927654621851908e-01
1.107292467392037849e-01
1.083650009109748125e-01
1.060000272896894635e-01
1.036343251838018065e-01
1.012678938980991483e-01
9.890073273377281149e-02
9.653284098848935457e-02
9.416421795646273685e-02
9.179486292852648277e-02
8.942477519220684568e-02
8.705395403179591596e-02
8.468239872842653337e-02
8.231010856014636667e-02
7.993708280199379734e-02
7.756332072607358130e-02
7.518882160163359307e-02
7.281358469514254139e-02
7.043760927036779584e-02
6.806089458845399065e-02
6.568343990800301624e-02
6.330524448515389979e-02
6.092630757366412908e-02
5.854662842499136488e-02
5.616620628837604157e-02
5.378504041092507792e-02
5.140313003769603206e-02
4.902047441178225551e-02
4.663707277439937959e-02
4.425292436497185733e-02
4.186802842122117063e-02
3.948238417925475918e-02
3.709599087365594849e-02
3.470884773757454411e-02
3.232095400281920217e-02
2.993230889995013300e-02
2.754291165837297051e-02
2.515276150643441788e-02
2.276185767151805983e-02
2.037019938014195120e-02
1.797778585805726026e-02
1.558461633034791127e-02
1.319069002153144821e-02
1.079600615566189692e-02
8.400563956432405277e-03
6.004362647280880871e-03
3.607401451495684253e-03
1.209679592323154029e-03
-1.188803706923036163e-03
-3.588049222752021095e-03
-5.988057731383777949e-03
-8.388830008635717039e-03
-1.079036682980805129e-02
-1.319266896956755586e-02
-1.559573720182927392e-02
-1.799957229963750072e-02
-2.040417503504404761e-02
-2.280954617898595105e-02
-2.521568650116051691e-02
-2.762259676989903268e-02
-3.003027775203909178e-02
-3.243873021279392033e-02
-3.484795491562137082e-02
-3.725795262208969616e-02
-3.966872409174210246e-02
-4.208027008195935892e-02
-4.449259134781957670e-02
-4.690568864195721055e-02
-4.931956271441884088e-02
-5.173421431251756797e-02
-5.414964418068435315e-02
-5.656585306031824967e-02
-5.898284168963335850e-02
-6.140061080350395217e-02
-6.381916113330748930e-02
-6.623849340676407627e-02
-6.865860834777504085e-02
-7.107950667625745345e-02
-7.350118910797742711e-02
-7.592365635437969829e-02
-7.834690912241526473e-02
-8.077094811436547062e-02
-8.319577402766470398e-02
-8.562138755471859763e-02
-8.804778938272028732e-02
-9.047498019346389420e-02
-9.290296066315395507e-02
-9.533173146221290972e-02
-9.776129325508470247e-02
-1.001916467000355526e-01
-1.026227924489511167e-01
-1.050547311471305978e-01
-1.074874634330771905e-01
-1.099209899382851963e-01
-1.123553112870238624e-01
-1.147904280961166701e-01
-1.172263409747180685e-01
-1.196630505240854903e-01
-1.221005573373483144e-01
-1.245388619992719437e-01
-1.269779650860188847e-01
-1.294178671649051093e-01
-1.318585687941519757e-01
-1.343000705226348179e-01
-1.367423728896262070e-01
-1.391854764245353260e-01
-1.416293816466427380e-01
-1.440740890648301020e-01
-1.465195991773057260e-01
-1.489659124713250682e-01
-1.514130294229061313e-01
-1.538609504965398611e-01
-1.563096761448956595e-01
-1.587592068085216801e-01
-1.612095429155391835e-01
-1.636606848813317860e-01
-1.661126331082297680e-01
-1.685653879851872206e-01
-1.710189498874550296e-01
-1.734733191762463100e-01
-1.759284961983971773e-01
-1.783844812860203022e-01
-1.808412747561526368e-01
-1.832988769103965909e-01
-1.857572880345548794e-01
-1.882165083982577647e-01
-1.906765382545840271e-01
-1.931373778396753282e-01
-1.955990273723424155e-01
-1.980614870536646643e-01
-2.005247570665819601e-01
-2.029888375754789753e-01
-2.054537287257611200e-01
-2.079194306434231643e-01
-2.103859434346097568e-01
-2.128532671851665614e-01
-2.153214019601844553e-01
-2.177903478035331242e-01
-2.202601047373876630e-01
-2.227306727617447413e-01
-2.252020518539298854e-01
-2.276742419680953811e-01
-2.301472430347082931e-01
-2.326210549600288280e-01
-2.350956776255779812e-01
-2.375711108875953603e-01
-2.400473545764862382e-01
-2.425244084962580593e-01
-2.450022724239443450e-01
-2.474809461090199392e-01
-2.499604292728021537e-01
-2.524407216078415894e-01
-2.549218227773002443e-01
-2.574037324143171324e-01
-2.598864501213616340e-01
-2.623699754695735797e-01
-2.648543079980899551e-01
-2.673394472133588939e-01
-2.698253925884381843e-01
-2.723121435622815056e-01
-2.747996995390090125e-01
-2.772880598871623192e-01
-2.797772239389468285e-01
-2.822671909894552966e-01
-2.847579602958781875e-01
-2.872495310766963739e-01
-2.897419025108568524e-01
-2.922350737369331930e-01
-2.947290438522659484e-01
-2.972238119120876876e-01
-2.997193769286279896e-01
-3.022157378702005626e-01
-3.047128936602707117e-01
-3.072108431765041003e-01
-3.097095852497935287e-01
-3.122091186632677262e-01
-3.147094421512763862e-01
-3.172105543983555487e-01
-3.197124540381704461e-01
-3.222151396524345901e-01
-3.247186097698070983e-01
-3.272228628647657622e-01
-3.297278973564550242e-01
-3.322337116075103070e-01
-3.347403039228554755e-01
-3.372476725484752080e-01
-3.397558156701593890e-01
-3.422647314122214124e-01
-3.447744178361868417e-01
-3.472848729394536482e-01
-3.497960946539233063e-01
-3.523080808446009682e-01
-3.548208293081644427e-01
-3.573343377715014202e-01
-3.598486038902141138e-01
-3.623636252470894825e-01
-3.648793993505362043e-01
-3.673959236329851774e-01
-3.699131954492546615e-01
-3.724312120748770605e-01
-3.749499707043890684e-01
-3.774694684495809027e-01
-3.799897023377070693e-01
-3.825106693096547716e-01
-3.850323662180699658e-01
-3.875547898254408374e-01
-3.900779368021352056e-01
-3.926018037243940717e-01
-3.951263870722764304e-01
-3.976516832275567848e-01
-4.001776884715722571e-01
-4.027043989830200732e-01
-4.052318108357011450e-01
-4.077599199962115839e-01
-4.102887223215775925e-01
-4.128182135568345679e-01
-4.153483893325478071e-01
-4.178792451622727611e-01
-4.204107764399545033e-01
-4.229429784372640277e-01
-4.254758463008686542e-01
-4.280093750496365423e-01
-4.305435595717719832e-01
-4.330783946218806912e-01
-4.356138748179615994e-01
-4.381499946383245470e-01
-4.406867484184310846e-01
-4.432241303476559535e-01
-4.457621344659680185e-01
-4.483007546605264348e-01
-4.508399846621918283e-01
-4.533798180419478796e-01
-4.559202482072329810e-01
-4.584612683981769687e-01
-4.610028716837414886e-01
-4.635450509577614953e-01
-4.660877989348835571e-01
-4.686311081463990225e-01
-4.711749709359691618e-01
-4.737193794552367332e-01
-4.762643256593247498e-01
-4.788098013022136223e-01
-4.813557979319986191e-01
-4.839023068860192622e-01
-4.864493192858594939e-01
-4.889968260322141158e-01
-4.915448177996164514e-01
-4.940932850310235103e-01
-4.966422179322548813e-01
-4.991916064662793029e-01
-5.017414403473461348e-01
-5.042917090349539055e-01
-5.068424017276533800e-01
-5.093935073566793204e-01
-5.119450145794045559e-01
-5.144969117726103658e-01
-5.170491870255693456e-01
-5.196018281329328747e-01
-5.221548225874159677e-01
-5.247081575722762903e-01
-5.272618199535760164e-01
-5.298157962722238601e-01
-5.323700727357852935e-01
-5.349246352100583968e-01
-5.374794692104022387e-01
-5.400345598928137925e-01
-5.425898920447408402e-01
-5.451454500756262034e-01
-5.477012180071707537e-01
-5.502571794633062119e-01
-5.528133176598682974e-01
-5.553696153939599034e-01
-5.579260550329931956e-01
-5.604826185033984220e-01
-5.630392872789893310e-01
-5.655960423689707639e-01
-5.681528643055795413e-01
-5.707097331313397692e-01
-5.732666283859244594e-01
-5.758235290926049244e-01
-5.783804137442749571e-01
-5.809372602890339188e-01
-5.834940461153123037e-01
-5.860507480365225730e-01
-5.886073422752177153e-01
-5.911638044467394382e-01
-5.937201095423363384e-01
-5.962762319117322907e-01
-5.988321452451235150e-01
-6.013878225545834511e-01
-6.039432361548505712e-01
-6.064983576434792578e-01
-6.090531578803228818e-01
-6.116076069663292092e-01
-6.141616742216164937e-01
-6.167153281628032779e-01
-6.192685364795633696e-01
-6.218212660103721312e-01
-6.243734827174141078e-01
-6.269251516606159091e-01
-6.294762369707698202e-01
-6.320267018217105015e-01
-6.345765084015049240e-01
-6.371256178826154581e-01
-6.396739903909920422e-01
-6.422215849740491311e-01
-6.447683595674797985e-01
-6.473142709608572520e-01
-6.498592747619704735e-01
-6.524033253598436888e-01
-6.549463758863744989e-01
-6.574883781765384905e-01
-6.600292827270914930e-01
-6.625690386537046450e-01
-6.651075936464618810e-01
-6.676448939236478974e-01
-6.701808841837446629e-01
-6.727155075555595332e-01
-6.752487055463970433e-01
-6.777804179881824487e-01
-6.803105829814439787e-01
-6.828391368370521075e-01
-6.853660140156092595e-01
-6.878911470643794823e-01
-6.904144665516382950e-01
-6.929359009983194762e-01
-6.954553768068267861e-01
-6.979728181868709580e-01
-7.004881470781849639e-01
-7.030012830699643445e-01
-7.055121433168639600e-01
-7.080206424513810770e-01
-7.105266924924379390e-01
-7.130302027499710871e-01
-7.155310797253167099e-01
-7.180292270071778615e-01
-7.205245451629359588e-01
-7.230169316250631972e-01
-7.255062805723719865e-01
-7.279924828058237374e-01
-7.304754256186001271e-01
-7.329549926601242049e-01
-7.354310637936944950e-01
-7.379035149473766042e-01
-7.403722179577726381e-01
-7.428370404062656362e-01
-7.452978454473051517e-01
-7.477544916282761189e-01
-7.502068327004595139e-01
-7.526547174205608925e-01
-7.550979893422455902e-01
-7.575364865970830586e-01
-7.599700416642567458e-01
-7.623984811283581742e-01
-7.648216254245223666e-01
-7.672392885701251330e-01
-7.696512778821895662e-01
-7.720573936795989134e-01
-7.744574289691368296e-01
-7.768511691143122899e-01
-7.792383914858348470e-01
-7.816188650925331993e-01
-7.839923501914037862e-01
-7.863585978753829808e-01
-7.887173496373212078e-01
-7.910683369085121930e-01
-7.934112805700079818e-01
-7.957458904347916029e-01
-7.980718646987344789e-01
-8.003888893580788366e-01
-8.026966375910065121e-01
-8.049947691006358319e-01
-8.072829294165666525e-01
-8.095607491518377330e-01
-8.118278432118801735e-01
-8.140838099517484494e-01
-8.163282302775671795e-01
-8.185606666877656146e-01
-8.207806622492452853e-01
-8.229877395031848231e-01
-8.251813992946614995e-01
-8.273611195197169144e-01
-8.295263537828581057e-01
-8.316765299572944636e-01
-8.338110486394239018e-01
-8.359292814882159917e-01
-8.380305694391635418e-01
-8.401142207813871998e-01
-8.421795090852444154e-01
-8.442256709664324177e-01
-8.462519036710092202e-01
-8.482573624640221688e-01
-8.502411578024535732e-01
-8.522023522709551990e-01
-8.541399572563146414e-01
-8.560529293337076906e-01
-8.579401663345145312e-01
-8.598005030617301703e-01
-8.616327066147123626e-01
-8.634354712801081133e-01
-8.652074129401451374e-01
-8.669470629429847364e-01
-8.686528613723190073e-01
-8.703231496447112470e-01
-8.719561623530801553e-01
-8.735500182629936106e-01
-8.751027103547122099e-01
-8.766120947878643932e-01
-8.780758786467669497e-01
-8.794916063021497310e-01
-8.808566441987378814e-01
-8.821681638469115461e-01
-8.834231227594350200e-01
-8.846182430297450106e-01
-8.857499871948038006e-01
-8.868145309610334648e-01
-8.878077322936939186e-01
-8.887250962749233540e-01
-8.895617350192647210e-01
-8.903123217923396560e-01
-8.909710383013002000e-01
-8.915315139054866833e-01
-8.919867552201438121e-01
-8.923290642389150040e-01
-8.925499426605492115e-01
-8.926399795427286676e-01
-8.925887186815735230e-01
-8.923845011749029776e-01
-8.920142773953139148e-01
-8.914633809698229161e-01
-8.907152551858933398e-01
-8.897511193029393750e-01
-8.885495582283005067e-01
-8.870860134497822180e-01
-8.853321452991249618e-01
-8.832550254728779304e-01
-8.808161025715436354e-01
-8.779698595388862881e-01
-8.746620458816651844e-01
-8.708273120212535190e-01
-8.663859852678729156e-01
-8.612395838287271177e-01
-8.552644244972011922e-01
-8.483022589829916082e-01
-8.401461058984461827e-01
-8.305179694378825861e-01
-8.190321184872561000e-01
-8.051309490705722549e-01
-7.879643412086525522e-01
-7.661393016218243091e-01
-7.371239044911175320e-01
-6.954986825556085384e-01
