-5.075383629607042035e-01
-5.777704920089780094e-01
-6.327936195892942539e-01
-6.793115166565003582e-01
-7.201741939750503363e-01
-7.569199022850529035e-01
-7.904938165459638455e-01
-8.215269209823552465e-01
-8.504656303641613402e-01
-8.776396808684856499e-01
-9.033008750973322565e-01
-9.276466780876092555e-01
-9.508353402972211654e-01
-9.729959984851548338e-01
-9.942356562100066464e-01
-1.014644148175292138e+00
-1.034297758136386136e+00
-1.053261911825808195e+00
-1.071593218667588499e+00
-1.089341045084853299e+00
-1.106548744450366994e+00
-1.123254631071343379e+00
-1.139492760457714304e+00
-1.155293560979200107e+00
-1.170684350102654703e+00
-1.185689759978593827e+00
-1.200332091097947584e+00
-1.214631608335205115e+00
-1.228606790443805608e+00
-1.242274541642336860e+00
-1.255650372097278700e+00
-1.268748552709791921e+00
-1.281582248537209257e+00
-1.294163634343125757e+00
-1.306503995114417949e+00
-1.318613813865907147e+00
-1.330502848641701874e+00
-1.342180200292606873e+00
-1.353654372343300105e+00
-1.364933324047570062e+00
-1.376024517554226279e+00
-1.386934959962265346e+00
-1.397671240925169478e+00
-1.408239566365902196e+00
-1.418645788782387562e+00
-1.428895434554885879e+00
-1.438993728609337275e+00
-1.448945616742397968e+00
-1.458755785873022903e+00
-1.468428682450743761e+00
-1.477968529221227678e+00
-1.487379340524434213e+00
-1.496664936279023195e+00
-1.505828954788028362e+00
-1.514874864484726524e+00
-1.523805974723734025e+00
-1.532625445710285028e+00
-1.541336297650156784e+00
-1.549941419193543224e+00
-1.558443575238193102e+00
-1.566845414150101590e+00
-1.575149474453894749e+00
-1.583358191039627050e+00
-1.591473900927930840e+00
-1.599498848631225822e+00
-1.607435191144965358e+00
-1.615285002599565090e+00
-1.623050278600717267e+00
-1.630732940283155408e+00
-1.638334838100597768e+00
-1.645857755372496012e+00
-1.653303411606341200e+00
-1.660673465612596766e+00
-1.667969518427816489e+00
-1.675193116060150311e+00
-1.682345752070209421e+00
-1.689428869999170857e+00
-1.696443865654987171e+00
-1.703392089266685172e+00
-1.710274847515904639e+00
-1.717093405454094501e+00
-1.723848988313116282e+00
-1.730542783216378000e+00
-1.737175940797085261e+00
-1.743749576729674899e+00
-1.750264773180039146e+00
-1.756722580179724158e+00
-1.763124016928907967e+00
-1.769470073032596735e+00
-1.775761709674165356e+00
-1.781999860730069996e+00
-1.788185433829279081e+00
-1.794319311360733860e+00
-1.800402351431903858e+00
-1.806435388781300944e+00
-1.812419235647618532e+00
-1.818354682597979277e+00
-1.824242499317609845e+00
-1.830083435363109245e+00
-1.835878220881336675e+00
-1.841627567295804235e+00
-1.847332167962355109e+00
-1.852992698795775439e+00
-1.858609818868899755e+00
-1.864184170985665245e+00
-1.869716382229478446e+00
-1.875207064488182418e+00
-1.880656814956821687e+00
-1.886066216619347147e+00
-1.891435838710314732e+00
-1.896766237157591739e+00
-1.902057955007002255e+00
-1.907311522829810535e+00
-1.912527459113873674e+00
-1.917706270639253363e+00
-1.922848452839037270e+00
-1.927954490146066568e+00
-1.933024856326237551e+00
-1.938060014799005693e+00
-1.943060418945684598e+00
-1.948026512406096034e+00
-1.952958729364113744e+00
-1.957857494822589750e+00
-1.962723224868153427e+00
-1.967556326926319654e+00
-1.972357200007346378e+00
-1.977126234943240579e+00
-1.981863814616299679e+00
-1.986570314179550545e+00
-1.991246101269437352e+00
-1.995891536211084727e+00
-2.000506972216450574e+00
-2.005092755575662355e+00
-2.009649225841829256e+00
-2.014176716009586698e+00
-2.018675552687641428e+00
-2.023146056265550552e+00
-2.027588541074977879e+00
-2.032003315545639399e+00
-2.036390682356152393e+00
-2.040750938579994234e+00
-2.045084375826753842e+00
-2.049391280378866309e+00
-2.053671933323999887e+00
-2.057926610683267210e+00
-2.062155583535419723e+00
-2.066359118137170547e+00
-2.070537476039799873e+00
-2.074690914202178327e+00
-2.078819685100340209e+00
-2.082924036833736725e+00
-2.087004213228287774e+00
-2.091060453936352204e+00
-2.095092994533722219e+00
-2.099102066613759199e+00
-2.103087897878758383e+00
-2.107050712228658806e+00
-2.110990729847171732e+00
-2.114908167285437735e+00
-2.118803237543282147e+00
-2.122676150148164798e+00
-2.126527111231895084e+00
-2.130356323605187896e+00
-2.134163986830146076e+00
-2.137950297290721835e+00
-2.141715448261237498e+00
-2.145459629973026860e+00
-2.149183029679259338e+00
-2.152885831718004184e+00
-2.156568217573597845e+00
-2.160230365936366415e+00
-2.163872452760753795e+00
-2.167494651321915100e+00
-2.171097132270815244e+00
-2.174680063687886911e+00
-2.178243611135290525e+00
-2.181787937707822422e+00
-2.185313204082504068e+00
-2.188819568566917173e+00
-2.192307187146289582e+00
-2.195776213529402110e+00
-2.199226799193333193e+00
-2.202659093427079995e+00
-2.206073243374099491e+00
-2.209469394073789505e+00
-2.212847688501948351e+00
-2.216208267610242366e+00
-2.219551270364711115e+00
-2.222876833783337336e+00
-2.226185092972711388e+00
-2.229476181163810633e+00
-2.232750229746931492e+00
-2.236007368305783949e+00
-2.239247724650782256e+00
-2.242471424851554485e+00
-2.245678593268689127e+00
-2.248869352584738301e+00
-2.252043823834511294e+00
-2.255202126434661558e+00
-2.258344378212596482e+00
-2.261470695434730338e+00
-2.264581192834091095e+00
-2.267675983637305936e+00
-2.270755179590974837e+00
-2.273818890987460151e+00
-2.276867226690097556e+00
-2.279900294157844343e+00
-2.282918199469391674e+00
-2.285921047346739510e+00
-2.288908941178260825e+00
-2.291881983041259119e+00
-2.294840273724041424e+00
-2.297783912747514812e+00
-2.300712998386314379e+00
-2.303627627689486701e+00
-2.306527896500727426e+00
-2.309413899478194754e+00
-2.312285730113901039e+00
-2.315143480752699823e+00
-2.317987242610878074e+00
-2.320817105794355850e+00
-2.323633159316516039e+00
-2.326435491115659726e+00
-2.329224188072108959e+00
-2.331999336024957348e+00
-2.334761019788478720e+00
-2.337509323168204922e+00
-2.340244328976679888e+00
-2.342966119048894402e+00
-2.345674774257415773e+00
-2.348370374527212867e+00
-2.351052998850188480e+00
-2.353722725299426166e+00
-2.356379631043152845e+00
-2.359023792358432736e+00
-2.361655284644589958e+00
-2.364274182436373550e+00
-2.366880559416865371e+00
-2.369474488430140635e+00
-2.372056041493685097e+00
-2.374625289810575079e+00
-2.377182303781426143e+00
-2.379727153016112151e+00
-2.382259906345268519e+00
-2.384780631831574293e+00
-2.387289396780824635e+00
-2.389786267752795457e+00
-2.392271310571910892e+00
-2.394744590337704260e+00
-2.397206171435095623e+00
-2.399656117544474387e+00
-2.402094491651598496e+00
-2.404521356057314208e+00
-2.406936772387098689e+00
-2.409340801600432513e+00
-2.411733503999995865e+00
-2.414114939240707081e+00
-2.416485166338598667e+00
-2.418844243679528994e+00
-2.421192229027744780e+00
-2.423529179534293032e+00
-2.425855151745277993e+00
-2.428170201609982204e+00
-2.430474384488834350e+00
-2.432767755161250101e+00
-2.435050367833327289e+00
-2.437322276145410971e+00
-2.439583533179530139e+00
-2.441834191466704329e+00
-2.444074302994122760e+00
-2.446303919212206246e+00
-2.448523091041546085e+00
-2.450731868879722608e+00
-2.452930302608013591e+00
-2.455118441597985424e+00
-2.457296334717977704e+00
-2.459464030339474583e+00
-2.461621576343373974e+00
-2.463769020126149734e+00
-2.465906408605914812e+00
-2.468033788228380931e+00
-2.470151204972722780e+00
-2.472258704357343184e+00
-2.474356331445548562e+00
-2.476444130851127579e+00
-2.478522146743842303e+00
-2.480590422854826560e+00
-2.482649002481903455e+00
-2.484697928494809194e+00
-2.486737243340340964e+00
-2.488766989047418665e+00
-2.490787207232064926e+00
-2.492797939102308735e+00
-2.494799225463009140e+00
-2.496791106720606113e+00
-2.498773622887791923e+00
-2.500746813588113682e+00
-2.502710718060499939e+00
-2.504665375163722008e+00
-2.506610823380778008e+00
-2.508547100823216525e+00
-2.510474245235390978e+00
-2.512392293998645609e+00
-2.514301284135440628e+00
-2.516201252313413850e+00
-2.518092234849377054e+00
-2.519974267713255500e+00
-2.521847386531965718e+00
-2.523711626593233337e+00
-2.525567022849356746e+00
-2.527413609920909909e+00
-2.529251422100392777e+00
-2.531080493355824856e+00
-2.532900857334285938e+00
-2.534712547365406188e+00
-2.536515596464798517e+00
-2.538310037337448311e+00
-2.540095902381044546e+00
-2.541873223689267824e+00
-2.543642033055027785e+00
-2.545402361973654326e+00
-2.547154241646039097e+00
-2.548897702981734792e+00
-2.550632776602006491e+00
-2.552359492842840361e+00
-2.554077881757909729e+00
-2.555787973121494971e+00
-2.557489796431363871e+00
-2.559183380911609795e+00
-2.560868755515450346e+00
-2.562545948927983375e+00
-2.564214989568907033e+00
-2.565875905595196738e+00
-2.567528724903750170e+00
-2.569173475133987861e+00
-2.570810183670421800e+00
-2.572438877645185862e+00
-2.574059583940532914e+00
-2.575672329191292853e+00
-2.577277139787299109e+00
-2.578874041875780065e+00
-2.580463061363718058e+00
-2.582044223920175519e+00
-2.583617554978586472e+00
-2.585183079739019618e+00
-2.586740823170406767e+00
-2.588290810012743304e+00
-2.589833064779257565e+00
-2.591367611758549128e+00
-2.592894475016697342e+00
-2.594413678399345891e+00
-2.595925245533749148e+00
-2.597429199830803004e+00
-2.598925564487037487e+00
-2.600414362486587194e+00
-2.601895616603132844e+00
-2.603369349401821520e+00
-2.604835583241152275e+00
-2.606294340274844412e+00
-2.607745642453674684e+00
-2.609189511527295391e+00
-2.610625969046022288e+00
-2.612055036362600724e+00
-2.613476734633950915e+00
-2.614891084822885681e+00
-2.616298107699806863e+00
-2.617697823844379990e+00
-2.619090253647184063e+00
-2.620475417311343591e+00
-2.621853334854134410e+00
-2.623224026108569529e+00
-2.624587510724968542e+00
-2.625943808172496396e+00
-2.627292937740693279e+00
-2.628634918540973864e+00
-2.629969769508116784e+00
-2.631297509401724355e+00
-2.632618156807669418e+00
-2.633931730139523530e+00
-2.635238247639963838e+00
-2.636537727382160856e+00
-2.637830187271148485e+00
-2.639115645045181147e+00
-2.640394118277065605e+00
-2.641665624375478139e+00
-2.642930180586267497e+00
-2.644187803993736985e+00
-2.645438511521910119e+00
-2.646682319935784289e+00
-2.647919245842559111e+00
-2.649149305692859446e+00
-2.650372515781934446e+00
-2.651588892250843710e+00
-2.652798451087629239e+00
-2.654001208128470068e+00
-2.655197179058823576e+00
-2.656386379414549026e+00
-2.657568824583020017e+00
-2.658744529804223156e+00
-2.659913510171834972e+00
-2.661075780634293952e+00
-2.662231355995854809e+00
-2.663380250917627201e+00
-2.664522479918602915e+00
-2.665658057376670165e+00
-2.666786997529615011e+00
-2.667909314476105909e+00
-2.669025022176670259e+00
-2.670134134454655417e+00
-2.671236664997179489e+00
-2.672332627356064361e+00
-2.673422034948763848e+00
-2.674504901059275408e+00
-2.675581238839039422e+00
-2.676651061307829593e+00
-2.677714381354628692e+00
-2.678771211738494529e+00
-2.679821565089414825e+00
-2.680865453909150098e+00
-2.681902890572064102e+00
-2.682933887325946731e+00
-2.683958456292822703e+00
-2.684976609469751363e+00
-2.685988358729615388e+00
-2.686993715821900608e+00
-2.687992692373461168e+00
-2.688985299889279368e+00
-2.689971549753212621e+00
-2.690951453228731527e+00
-2.691925021459646850e+00
-2.692892265470829383e+00
-2.693853196168915609e+00
-2.694807824343008917e+00
-2.695756160665367496e+00
-2.696698215692085121e+00
-2.697633999863763066e+00
-2.698563523506169126e+00
-2.699486796830891322e+00
-2.700403829935984490e+00
-2.701314632806600891e+00
-2.702219215315617706e+00
-2.703117587224257434e+00
-2.704009758182691403e+00
-2.704895737730645955e+00
-2.705775535297989531e+00
-2.706649160205319760e+00
-2.707516621664538548e+00
-2.708377928779417410e+00
-2.709233090546158351e+00
-2.710082115853947649e+00
-2.710925013485493196e+00
-2.711761792117566294e+00
-2.712592460321527454e+00
-2.713417026563844203e+00
-2.714235499206608893e+00
-2.715047886508038744e+00
-2.715854196622975891e+00
-2.716654437603380323e+00
-2.717448617398807720e+00
-2.718236743856889071e+00
-2.719018824723797856e+00
-2.719794867644711900e+00
-2.720564880164268562e+00
-2.721328869727010602e+00
-2.722086843677829382e+00
-2.722838809262395632e+00
-2.723584773627589772e+00
-2.724324743821917583e+00
-2.725058726795929864e+00
-2.725786729402623454e+00
-2.726508758397844900e+00
-2.727224820440683928e+00
-2.727934922093860681e+00
-2.728639069824105867e+00
-2.729337270002536453e+00
-2.730029528905023817e+00
-2.730715852712555236e+00
-2.731396247511590936e+00
-2.732070719294411809e+00
-2.732739273959464477e+00
-2.733401917311699680e+00
-2.734058655062900911e+00
-2.734709492832014366e+00
-2.735354436145462920e+00
-2.735993490437465425e+00
-2.736626661050339138e+00
-2.737253953234807469e+00
-2.737875372150291309e+00
-2.738490922865202126e+00
-2.739100610357226628e+00
-2.739704439513606093e+00
-2.740302415131406821e+00
-2.740894541917794580e+00
-2.741480824490290402e+00
-2.742061267377030820e+00
-2.742635875017019220e+00
-2.743204651760371426e+00
-2.743767601868554618e+00
-2.744324729514626693e+00
-2.744876038783460981e+00
-2.745421533671974057e+00
-2.745961218089344236e+00
-2.746495095857225177e+00
-2.747023170709954609e+00
-2.747545446294757276e+00
-2.748061926171944780e+00
-2.748572613815105647e+00
-2.749077512611297625e+00
-2.749576625861226642e+00
-2.750069956779426672e+00
-2.750557508494430259e+00
-2.751039284048939049e+00
-2.751515286399984106e+00
-2.751985518419084453e+00
-2.752449982892400726e+00
-2.752908682520878170e+00
-2.753361619920395409e+00
-2.753808797621898563e+00
-2.754250218071534473e+00
-2.754685883630779486e+00
-2.755115796576561138e+00
-2.755539959101378500e+00
-2.755958373313411869e+00
-2.756371041236635122e+00
-2.756777964810917414e+00
-2.757179145892120431e+00
-2.757574586252196092e+00
-2.757964287579273588e+00
-2.758348251477743762e+00
-2.758726479468337711e+00
-2.759098972988204057e+00
-2.759465733390979114e+00
-2.759826761946849061e+00
-2.760182059842613889e+00
-2.760531628181742914e+00
-2.760875467984423182e+00
-2.761213580187610983e+00
-2.761545965645067824e+00
-2.761872625127403058e+00
-2.762193559322102754e+00
-2.762508768833557671e+00
-2.762818254183088129e+00
-2.763122015808960441e+00
-2.763420054066401566e+00
-2.763712369227608878e+00
-2.763998961481751504e+00
-2.764279830934972981e+00
-2.764554977610385933e+00
-2.764824401448058744e+00
-2.765088102305006235e+00
-2.765346079955167458e+00
-2.765598334089381716e+00
-2.765844864315361029e+00
-2.766085670157657272e+00
-2.766320751057623539e+00
-2.766550106373369733e+00
-2.766773735379719490e+00
-2.766991637268154225e+00
-2.767203811146758952e+00
-2.767410256040158334e+00
-2.767610970889452737e+00
-2.767805954552144954e+00
-2.767995205802066927e+00
-2.768178723329297153e+00
-2.768356505740076301e+00
-2.768528551556717066e+00
-2.768694859217510018e+00
-2.768855427076621467e+00
-2.769010253403990429e+00
-2.769159336385221160e+00
-2.769302674121465024e+00
-2.769440264629305481e+00
-2.769572105840629739e+00
-2.769698195602503965e+00
-2.769818531677036955e+00
-2.769933111741242460e+00
-2.770041933386894417e+00
-2.770144994120380399e+00
-2.770242291362546183e+00
-2.770333822448537209e+00
-2.770419584627636045e+00
-2.770499575063091857e+00
-2.770573790831949434e+00
-2.770642228924867112e+00
-2.770704886245934695e+00
-2.770761759612485164e+00
-2.770812845754897058e+00
-2.770858141316399514e+00
-2.770897642852862219e+00
-2.770931346832591569e+00
-2.770959249636110844e+00
-2.770981347555941277e+00
-2.770997636796376451e+00
-2.771008113473250933e+00
-2.771012773613703128e+00
-2.771011613155934583e+00
-2.771004627948961740e+00
-2.770991813752362365e+00
-2.770973166236020191e+00
-2.770948680979856249e+00
-2.770918353473562412e+00
-2.770882179116327837e+00
-2.770840153216553414e+00
-2.770792270991568884e+00
-2.770738527567340181e+00
-2.770678917978171008e+00
-2.770613437166398629e+00
-2.770542079982084349e+00
-2.770464841182699534e+00
-2.770381715432802761e+00
-2.770292697303710749e+00
-2.770197781273169291e+00
-2.770096961725010853e+00
-2.769990232948809084e+00
-2.769877589139527974e+00
-2.769759024397163039e+00
-2.769634532726379383e+00
-2.769504108036136003e+00
-2.769367744139315857e+00
-2.769225434752338177e+00
-2.769077173494769450e+00
-2.768922953888928618e+00
-2.768762769359483844e+00
-2.768596613233041293e+00
-2.768424478737732120e+00
-2.768246359002787482e+00
-2.768062247058111325e+00
-2.767872135833841618e+00
-2.767676018159908047e+00
-2.767473886765582147e+00
-2.767265734279019895e+00
-2.767051553226798077e+00
-2.766831336033440447e+00
-2.766605075020943438e+00
-2.766372762408284558e+00
-2.766134390310932556e+00
-2.765889950740347381e+00
-2.765639435603468588e+00
-2.765382836702202862e+00
-2.765120145732899104e+00
-2.764851354285815965e+00
-2.764576453844584947e+00
-2.764295435785662391e+00
-2.764008291377774817e+00
-2.763715011781357145e+00
-2.763415588047978488e+00
-2.763110011119768394e+00
-2.762798271828823093e+00
-2.762480360896613973e+00
-2.762156268933382286e+00
-2.761825986437526304e+00
-2.761489503794978706e+00
-2.761146811278579527e+00
-2.760797899047431780e+00
-2.760442757146258863e+00
-2.760081375504745971e+00
-2.759713743936871744e+00
-2.759339852140236804e+00
-2.758959689695375861e+00
-2.758573246065065820e+00
-2.758180510593621015e+00
-2.757781472506181331e+00
-2.757376120907988781e+00
-2.756964444783653434e+00
-2.756546432996413554e+00
-2.756122074287380208e+00
-2.755691357274775655e+00
-2.755254270453159737e+00
-2.754810802192646957e+00
-2.754360940738111108e+00
-2.753904674208380587e+00
-2.753441990595422606e+00
-2.752972877763517623e+00
-2.752497323448421351e+00
-2.752015315256512995e+00
-2.751526840663940376e+00
-2.751031887015742416e+00
-2.750530441524970282e+00
-2.750022491271788994e+00
-2.749508023202574147e+00
-2.748987024128988210e+00
-2.748459480727053261e+00
-2.747925379536205082e+00
-2.747384706958338807e+00
-2.746837449256838593e+00
-2.746283592555595288e+00
-2.745723122838016117e+00
-2.745156025946010825e+00
-2.744582287578975599e+00
-2.744001893292756122e+00
-2.743414828498599523e+00
-2.742821078462092554e+00
-2.742220628302086460e+00
-2.741613462989604511e+00
-2.740999567346738441e+00
-2.740378926045530683e+00
-2.739751523606836159e+00
-2.739117344399176091e+00
-2.738476372637574929e+00
-2.737828592382376858e+00
-2.737173987538054298e+00
-2.736512541851992442e+00
-2.735844238913268001e+00
-2.735169062151399100e+00
-2.734486994835091611e+00
-2.733798020070957069e+00
-2.733102120802223478e+00
-2.732399279807423031e+00
-2.731689479699063394e+00
-2.730972702922282114e+00
-2.730248931753485042e+00
-2.729518148298960334e+00
-2.728780334493484006e+00
-2.728035472098896186e+00
-2.727283542702664931e+00
-2.726524527716430946e+00
-2.725758408374527875e+00
-2.724985165732489278e+00
-2.724204780665529846e+00
-2.723417233867011955e+00
-2.722622505846883367e+00
-2.721820576930104263e+00
-2.721011427255044968e+00
-2.720195036771866803e+00
-2.719371385240874961e+00
-2.718540452230860271e+00
-2.717702217117405006e+00
-2.716856659081177128e+00
-2.716003757106194350e+00
-2.715143489978066871e+00
-2.714275836282217913e+00
-2.713400774402076276e+00
-2.712518282517246693e+00
-2.711628338601656196e+00
-2.710730920421673407e+00
-2.709826005534199389e+00
-2.708913571284738975e+00
-2.707993594805438331e+00
-2.707066053013102991e+00
-2.706130922607180356e+00
-2.705188180067720438e+00
-2.704237801653305073e+00
-2.703279763398950042e+00
-2.702314041113977883e+00
-2.701340610379860507e+00
-2.700359446548030729e+00
-2.699370524737666255e+00
-2.698373819833437715e+00
-2.697369306483230922e+00
-2.696356959095832728e+00
-2.695336751838585787e+00
-2.694308658635007347e+00
-2.693272653162383623e+00
-2.692228708849316643e+00
-2.691176798873244902e+00
-2.690116896157928483e+00
-2.689048973370894213e+00
-2.687973002920848398e+00
-2.686888956955047814e+00
-2.685796807356638283e+00
-2.684696525741949724e+00
-2.683588083457757012e+00
-2.682471451578496868e+00
-2.681346600903446120e+00
-2.680213501953859989e+00
-2.679072124970066859e+00
-2.677922439908521302e+00
-2.676764416438814465e+00
-2.675598023940639614e+00
-2.674423231500711040e+00
-2.673240007909644778e+00
-2.672048321658782921e+00
-2.670848140936979753e+00
-2.669639433627331915e+00
-2.668422167303870385e+00
-2.667196309228190287e+00
-2.665961826346041175e+00
-2.664718685283859134e+00
-2.663466852345248270e+00
-2.662206293507413335e+00
-2.660936974417529299e+00
-2.659658860389066515e+00
-2.658371916398049706e+00
-2.657076107079266336e+00
-2.655771396722416355e+00
-2.654457749268199329e+00
-2.653135128304343837e+00
-2.651803497061575143e+00
-2.650462818409519805e+00
-2.649113054852548998e+00
-2.647754168525550789e+00
-2.646386121189645557e+00
-2.645008874227824602e+00
-2.643622388640529230e+00
-2.642226625041150800e+00
-2.640821543651469927e+00
-2.639407104297011752e+00
-2.637983266402338600e+00
-2.636549988986258253e+00
-2.635107230656962951e+00
-2.633654949607082685e+00
-2.632193103608666984e+00
-2.630721650008078782e+00
-2.629240545720808786e+00
-2.627749747226205912e+00
-2.626249210562119352e+00
-2.624738891319454481e+00
-2.623218744636640398e+00
-2.621688725194002867e+00
-2.620148787208049779e+00
-2.618598884425656248e+00
-2.617038970118153340e+00
-2.615468997075325763e+00
-2.613888917599298090e+00
-2.612298683498327723e+00
-2.610698246080484619e+00
-2.609087556147231979e+00
-2.607466563986893693e+00
-2.605835219368011213e+00
-2.604193471532586734e+00
-2.602541269189211803e+00
-2.600878560506077353e+00
-2.599205293103860281e+00
-2.597521414048491017e+00
-2.595826869843793183e+00
-2.594121606423994475e+00
-2.592405569146107869e+00
-2.590678702782177378e+00
-2.588940951511388366e+00
-2.587192258912037524e+00
-2.585432567953360738e+00
-2.583661820987213975e+00
-2.581879959739609376e+00
-2.580086925302091494e+00
-2.578282658122969639e+00
-2.576467097998377920e+00
-2.574640184063186066e+00
-2.572801854781736175e+00
-2.570952047938412921e+00
-2.569090700628039237e+00
-2.567217749246099245e+00
-2.565333129478774676e+00
-2.563436776292799646e+00
-2.561528623925124926e+00
-2.559608605872391696e+00
-2.557676654880201461e+00
-2.555732702932193678e+00
-2.553776681238901336e+00
-2.551808520226415133e+00
-2.549828149524810073e+00
-2.547835497956365991e+00
-2.545830493523555393e+00
-2.543813063396798579e+00
-2.541783133901983849e+00
-2.539740630507743013e+00
-2.537685477812479995e+00
-2.535617599531142297e+00
-2.533536918481734901e+00
-2.531443356571565051e+00
-2.529336834783214805e+00
-2.527217273160232036e+00
-2.525084590792539441e+00
-2.522938705801543335e+00
-2.520779535324947584e+00
-2.518606995501255774e+00
-2.516421001453958528e+00
-2.514221467275397970e+00
-2.512008306010300895e+00
-2.509781429638969552e+00
-2.507540749060128693e+00
-2.505286174073409367e+00
-2.503017613361472993e+00
-2.500734974471753080e+00
-2.498438163797819911e+00
-2.496127086560342434e+00
-2.493801646787649151e+00
-2.491461747295875107e+00
-2.489107289668675449e+00
-2.486738174236511778e+00
-2.484354300055479303e+00
-2.481955564885679255e+00
-2.479541865169117898e+00
-2.477113096007115267e+00
-2.474669151137222300e+00
-2.472209922909619273e+00
-2.469735302262993315e+00
-2.467245178699873698e+00
-2.464739440261411563e+00
-2.462217973501589885e+00
-2.459680663460851235e+00
-2.457127393639119362e+00
-2.454558045968202595e+00
-2.451972500783564435e+00
-2.449370636795436429e+00
-2.446752331059264485e+00
-2.444117458945457066e+00
-2.441465894108427737e+00
-2.438797508454905394e+00
-2.436112172111490004e+00
-2.433409753391437391e+00
-2.430690118760647334e+00
-2.427953132802828318e+00
-2.425198658183822520e+00
-2.422426555615062149e+00
-2.419636683816128286e+00
-2.416828899476390458e+00
-2.414003057215696302e+00
-2.411159009544088683e+00
-2.408296606820507613e+00
-2.405415697210462334e+00
-2.402516126642628702e+00
-2.399597738764347454e+00
-2.396660374895984269e+00
-2.393703873984120101e+00
-2.390728072553530925e+00
-2.387732804657919150e+00
-2.384717901829366049e+00
-2.381683193026450596e+00
-2.378628504581001391e+00
-2.375553660143434165e+00
-2.372458480626633559e+00
-2.369342784148322334e+00
-2.366206385971879378e+00
-2.363049098445550555e+00
-2.359870730939995553e+00
-2.356671089784120099e+00
-2.353449978199138926e+00
-2.350207196230797102e+00
-2.346942540679707090e+00
-2.343655805029716266e+00
-2.340346779374251618e+00
-2.337015250340569228e+00
-2.333661001011825498e+00
-2.330283810846915493e+00
-2.326883455597971828e+00
-2.323459707225469018e+00
-2.320012333810824945e+00
-2.316541099466426168e+00
-2.313045764242978919e+00
-2.309526084034078774e+00
-2.305981810477915950e+00
-2.302412690855998090e+00
-2.298818467988780867e+00
-2.295198880128095364e+00
-2.291553660846252338e+00
-2.287882538921692799e+00
-2.284185238221061898e+00
-2.280461477577555574e+00
-2.276710970665414280e+00
-2.272933425870400814e+00
-2.269128546156111259e+00
-2.265296028925953387e+00
-2.261435565880618892e+00
-2.257546842870880255e+00
-2.253629539745509280e+00
-2.249683330194129915e+00
-2.245707881584799726e+00
-2.241702854796094879e+00
-2.237667904043484590e+00
-2.233602676699746770e+00
-2.229506813109177088e+00
-2.225379946395336095e+00
-2.221221702262050623e+00
-2.217031698787384375e+00
-2.212809546210275702e+00
-2.208554846709520625e+00
-2.204267194174764466e+00
-2.199946173969155705e+00
-2.195591362683278369e+00
-2.191202327879988143e+00
-2.186778627829717880e+00
-2.182319811235847062e+00
-2.177825416949648041e+00
-2.173294973674348540e+00
-2.168727999657789507e+00
-2.164124002373146283e+00
-2.159482478187141119e+00
-2.154802912015155503e+00
-2.150084776962597921e+00
-2.145327533951868482e+00
-2.140530631334201850e+00
-2.135693504485649985e+00
-2.130815575386398653e+00
-2.125896252182586821e+00
-2.120934928729728330e+00
-2.115930984116805025e+00
-2.110883782170008605e+00
-2.105792670935083599e+00
-2.100656982137134143e+00
-2.095476030616690188e+00
-2.090249113740763942e+00
-2.084975510787525188e+00
-2.079654482303162411e+00
-2.074285269429376299e+00
-2.068867093199870943e+00
-2.063399153804087671e+00
-2.057880629816314144e+00
-2.052310677388169413e+00
-2.046688429402337306e+00
-2.041012994585261531e+00
-2.035283456576372885e+00
-2.029498872951223554e+00
-2.023658274195743179e+00
-2.017760662628605317e+00
-2.011805011268493093e+00
-2.005790262642803690e+00
-1.999715327534076437e+00
-1.993579083660152573e+00
-1.987380374283764128e+00
-1.981118006746923177e+00
-1.974790750925115690e+00
-1.968397337595917396e+00
-1.961936456716207200e+00
-1.955406755601694524e+00
-1.948806837001955783e+00
-1.942135257063610121e+00
-1.935390523173649457e+00
-1.928571091674258220e+00
-1.921675365439708960e+00
-1.914701691305100928e+00
-1.907648357335806510e+00
-1.900513589925487690e+00
-1.893295550709446662e+00
-1.885992333278853961e+00
-1.878601959680052058e+00
-1.871122376681626953e+00
-1.863551451790295355e+00
-1.855886968994789665e+00
-1.848126624214878166e+00
-1.840268020430357643e+00
-1.832308662462298843e+00
-1.824245951375945474e+00
-1.816077178471465770e+00
-1.807799518825141005e+00
-1.799410024339512582e+00
-1.790905616256442734e+00
-1.782283077081880052e+00
-1.773539041865274779e+00
-1.764669988769972386e+00
-1.755672228863408346e+00
-1.746541895047350579e+00
-1.737274930038690712e+00
-1.727867073300127565e+00
-1.718313846807286271e+00
-1.708610539524140215e+00
-1.698752190441663146e+00
-1.688733570015113594e+00
-1.678549159812705360e+00
-1.668193130162142213e+00
-1.657659315550870760e+00
-1.646941187500136072e+00
-1.636031824590975736e+00
-1.624923879270969262e+00
-1.613609541012337445e+00
-1.602080495322999454e+00
-1.590327878030190600e+00
-1.578342224158290508e+00
-1.566113410605100009e+00
-1.553630591679379558e+00
-1.540882126391377671e+00
-1.527855496180053896e+00
-1.514537211506524539e+00
-1.500912705430937910e+00
-1.486966211904114710e+00
-1.472680626025584694e+00
-1.458037342919559221e+00
-1.443016071124546773e+00
-1.427594615433503078e+00
-1.411748622895752536e+00
-1.395451284112345647e+00
-1.378672979903021734e+00
-1.361380860728288678e+00
-1.343538342678477271e+00
-1.325104499056154461e+00
-1.306033320091123606e+00
-1.286272804421418892e+00
-1.265763833577980613e+00
-1.244438763196364262e+00
-1.222219639521376466e+00
-1.199015912973045550e+00
-1.174721465627662331e+00
-1.149210685663430986e+00
-1.122333190685337989e+00
-1.093906590765714837e+00
-1.063706331178724707e+00
-1.031451049661491703e+00
-9.967807935556154408e-01
-9.592233791483757432e-01
-9.181400258006240378e-01
-8.726324122794465454e-01
-8.213719694482699563e-01
-7.622551586607401175e-01
-6.916090584744002401e-01
-6.019576951316778501e-01
